rating; comment
4; La combinación de colores es cautivadora, pero un ajuste sutil en la saturación podría realzar la elegancia de los elementos clave.En general, una elección visual que transmite sofisticación.
5; Los colores son tan bien equilibrados que dan una sensación de cohesión a toda la interfaz.Muy bien pensado.
1; No sé si este tema fue diseñado por un entusiasta de los colores vibrantes o por un fanático de los arcoíris, pero la saturación es simplemente excesiva.
2; Algunos detalles gráficos parecen pixelados, lo cual es inusual y afecta la calidad visual del tema.
4; La estética de colores es agradable, pero un ajuste en la saturación podría mejorar la legibilidad de los elementos clave.Un tema visual que ofrece una experiencia agradable y equilibrada.
5; La elección de colores es tan acertada que mejora la usabilidad general de la interfaz.Cada elemento se destaca de manera clara.
2; La disposición de los elementos en este tema no sigue una lógica intuitiva, lo que dificulta la navegación.
1; La saturación de colores aquí es tan intensa que cada línea de código parece gritar por atención.La funcionalidad se ve eclipsada por la exuberancia visual.
5; Los colores son tan suaves que hacen que la interfaz de codificación sea fácil para los ojos, incluso durante largas sesiones.
5; Los colores son tan agradables a la vista que hacen que la experiencia de codificación sea mucho más amena.
3; Hay tonos interesantes, aunque la fusión entre ellos podría mejorarse para un aspecto más uniforme.
5; La elección de colores es tan acertada que realmente mejora la legibilidad del código.Una herramienta práctica y estilizada.
5; Los colores son tan atractivos que hacen que quieras pasar más tiempo programando.Una elección visualmente estimulante.
3; La paleta presenta elementos atractivos, aunque la conexión entre ellos podría ser más fluida.
1; La combinación de colores aquí es tan poco convencional que parece que estuvieran intentando reinventar la rueda de la estética en programación.
3; La elección de colores es prometedora, aunque la disposición general podría optimizarse.
4; La elección de colores es buena, pero en ciertas situaciones la diferencia entre ellos podría ser más evidente para facilitar la identificación rápida.
4; La estética de colores es agradable, pero un ajuste en la saturación podría mejorar la legibilidad de los elementos clave.Un tema visual que ofrece una experiencia agradable y equilibrada.
2; La falta de atención a los detalles en la disposición de los menús crea una sensación de desorden en la interfaz.
5; Me encanta cómo los colores se complementan entre sí.Hace que la interfaz sea visualmente agradable y fácil de entender.
2; La falta de adaptabilidad a pantallas de diferentes tamaños hace que la experiencia sea menos consistente en diversos dispositivos.
